0  667477
1  5601055
2  3633815
3  1780965
4  931812
5  544181
6  341287
7  220016
8  165443
9  165926
10  149466
11  116758
12  75992
13  44062
14  30618
15  26442
16  34226
17  60549
18  70927
19  44501
20  25910
21  17956
22  9488
23  4260
24  2507
25  1641
26  1232
27  1031
28  931
29  740
30  523
31  372
32  354
33  374
34  306
35  265
36  257
37  229
38  182
39  156
40  153
41  133
42  126
43  141
44  107
45  92
46  82
47  88
48  77
49  72
50  81
51  71
52  59
53  47
54  50
55  51
56  61
57  49
58  41
59  46
60  38
61  33
62  44
63  35
64  33
65  25
66  27
67  14
68  28
69  23
70  24
71  23
72  16
73  22
74  23
75  14
76  21
77  18
78  19
79  12
80  13
81  13
82  18
83  19
84  17
85  15
86  13
87  17
88  7
89  11
90  12
91  12
92  14
93  7
94  12
95  14
96  13
97  12
98  7
99  10
100  8
