0  78817
1  508529
2  1494044
3  1429922
4  2003942
5  1834278
6  1162917
7  1344790
8  1074245
9  636906
10  710992
11  553041
12  320776
13  353520
14  270148
15  157484
16  173349
17  133693
18  77752
19  87206
20  68140
21  39598
22  45555
23  36234
24  21719
25  25930
26  21856
27  13515
28  16161
29  13841
30  8449
31  10154
32  8636
33  5298
34  6110
35  5123
36  3051
37  3564
38  2789
39  1743
40  1988
41  1627
42  1014
43  1140
44  875
45  601
46  676
47  577
48  348
49  405
50  356
51  251
52  287
53  242
54  158
55  210
56  163
57  140
58  122
59  150
60  108
61  101
62  91
63  71
64  71
65  77
66  51
67  54
68  65
69  44
70  42
71  36
72  46
73  42
74  45
75  28
76  35
77  28
78  24
79  29
80  28
81  16
82  23
83  17
84  22
85  23
86  21
87  24
88  14
89  17
90  10
91  16
92  15
93  14
94  17
95  17
96  16
97  18
98  12
99  11
100  8
101  3
102  1
103  6
104  3
106  3
107  4
108  1
